joint
	-0.111661	-1.73596	-0.152992
	0.0385646	-1.74058	-0.0210502
	-0.0886932	-1.55671	-0.0213104
	-0.145216	-1.52315	-0.210194
	0.0666867	-1.5749	0.103303
	-0.101959	-1.16383	0.0525101
	-0.106381	-0.887677	-0.137846
	0.0410368	-0.868645	0.122742
	-0.152681	-0.451497	-0.238364
	-0.26468	-0.0202863	-0.301698
	0.147807	-0.437309	0.193802
	0.0963237	-0.00799456	0.318455
	-0.119478	-1.16011	-0.376149
	-0.0404156	-1.53759	-0.482187
	0.0736977	-1.18946	-0.00347454
	0.071012	-1.56814	-0.132313
bone
	0	1
	1	2
	2	0
	2	5
	5	3
	3	2
	2	4
	4	5
	5	7
	7	6
	6	5
	6	8
	8	9
	7	10
	10	11
	3	12
	12	13
	4	14
	14	15
motion
	-0.11398	-1.73302	-0.153692
	0.0340803	-1.73001	-0.0192796
	-0.0894951	-1.54441	-0.0361225
	-0.146203	-1.54252	-0.2279
	0.0530226	-1.55246	0.103971
	-0.0633096	-1.14531	-0.0398894
	-0.00212728	-0.872149	-0.224706
	0.037493	-0.845382	0.07146
	0.092787	-0.441064	-0.312214
	0.140984	0.00391685	-0.265666
	0.153279	-0.429272	0.197738
	0.0953348	-0.000283571	0.320666
	-0.121578	-1.16889	-0.368615
	-0.0392561	-1.54299	-0.483778
	0.0748703	-1.17161	-0.0164052
	0.0711153	-1.55561	-0.128361
,
	-0.1113	-1.73898	-0.154539
	0.0381946	-1.74108	-0.0217063
	-0.0895246	-1.55758	-0.0256401
	-0.14452	-1.53119	-0.216106
	0.0632287	-1.57227	0.102628
	-0.100167	-1.16196	0.0322835
	-0.000210534	-0.991933	-0.239037
	0.0295895	-0.852726	0.0250342
	0.175477	-1.10798	-0.636742
	-0.0416859	-0.73813	-0.500535
	0.140405	-0.448978	0.18998
	0.0975163	-0.0189107	0.315291
	-0.120398	-1.16393	-0.372758
	-0.0399172	-1.53994	-0.482863
	0.0737865	-1.18717	-0.00507593
	0.0710234	-1.56656	-0.131784
,
	-0.051661	-1.74916	0.31776
	0.0936852	-1.72174	0.452371
	-0.035421	-1.54485	0.407148
	-0.184215	-1.56695	0.275352
	0.12444	-1.52712	0.526027
	-0.00302118	-1.15924	0.305985
	-0.133085	-1.09959	0.00260234
	0.0225534	-0.875965	0.128175
	-0.103506	-1.30386	-0.397272
	-0.266054	-1.11541	-0.0223568
	0.153618	-0.45573	0.221586
	0.133347	-0.0166557	0.318034
	-0.138599	-1.49089	-0.114694
	0.0319055	-1.53638	-0.473644
	0.164956	-1.21611	0.277739
	0.212932	-1.54359	0.0531088
,
	-0.054263	-1.74333	0.262371
	0.117839	-1.73612	0.36399
	0.0339169	-1.54053	0.295415
	-0.124391	-1.58663	0.182226
	0.213195	-1.49629	0.372256
	-0.0364363	-1.15139	0.235405
	-0.0493443	-1.11253	-0.0975195
	0.0189401	-0.868758	0.0634522
	0.0635036	-1.44298	-0.381367
	0.0985315	-1.75565	-0.703096
	0.0668076	-0.453059	0.22899
	0.11833	-0.0182256	0.332746
	-0.351528	-1.28257	0.308561
	-0.467682	-0.901955	0.268226
	0.165309	-1.16233	0.157331
	0.205816	-1.54397	0.044571
,
	-0.0946621	-1.73976	0.300256
	0.0887798	-1.76477	0.375897
	0.0271868	-1.5547	0.330289
	-0.138987	-1.58725	0.223872
	0.220303	-1.52383	0.372188
	-0.0287003	-1.16006	0.296916
	-0.127776	-1.02408	0.00672633
	0.0456557	-0.853654	0.182445
	0.0395475	-1.22425	-0.35993
	-0.402948	-1.20202	-0.438681
	0.170956	-0.424282	0.231844
	0.143401	0.0123999	0.336958
	-0.296244	-1.25769	0.0605972
	-0.188601	-1.13964	-0.306096
	0.196148	-1.17503	0.177848
	0.232354	-1.54966	0.0424074
,
	-0.136825	-1.78454	0.066288
	0.0232	-1.75014	0.181208
	-0.121539	-1.58126	0.158162
	-0.199156	-1.59084	-0.0259086
	0.00917989	-1.57578	0.309439
	-0.107441	-1.18242	0.13149
	-0.224487	-0.899854	-0.00624476
	0.0228406	-0.874803	0.161689
	-0.320652	-0.637185	-0.358747
	-0.218755	-0.309713	-0.0674115
	0.17065	-0.450533	0.18714
	0.126456	-0.0174642	0.301148
	-0.216561	-1.24506	-0.226229
	-0.143937	-1.62877	-0.312687
	0.082525	-1.20316	0.183788
	0.0885747	-1.58089	0.0522846
,
	-0.111661	-1.73596	-0.152992
	0.0385646	-1.74058	-0.0210502
	-0.0886932	-1.55671	-0.0213104
	-0.145216	-1.52315	-0.210194
	0.0666867	-1.5749	0.103303
	-0.101959	-1.16383	0.0525101
	-0.106381	-0.887677	-0.137846
	0.0410368	-0.868645	0.122742
	-0.152681	-0.451497	-0.238364
	-0.26468	-0.0202863	-0.301698
	0.147807	-0.437309	0.193802
	0.0963237	-0.00799456	0.318455
	-0.119478	-1.16011	-0.376149
	-0.0404156	-1.53759	-0.482187
	0.0736977	-1.18946	-0.00347454
	0.071012	-1.56814	-0.132313
motion
	-0.111661	-1.73596	-0.152992
	0.0385646	-1.74058	-0.0210502
	-0.0886932	-1.55671	-0.0213104
	-0.145216	-1.52315	-0.210194
	0.0666867	-1.5749	0.103303
	-0.101959	-1.16383	0.0525101
	-0.106381	-0.887677	-0.137846
	0.0410368	-0.868645	0.122742
	-0.152681	-0.451497	-0.238364
	-0.26468	-0.0202863	-0.301698
	0.147807	-0.437309	0.193802
	0.0963237	-0.00799456	0.318455
	-0.119478	-1.16011	-0.376149
	-0.0404156	-1.53759	-0.482187
	0.0736977	-1.18946	-0.00347454
	0.071012	-1.56814	-0.132313
,
	-0.0364367	-1.74269	-0.323818
	0.139897	-1.73428	-0.229832
	0.0207213	-1.54518	-0.235949
	-0.045405	-1.51325	-0.421975
	0.115161	-1.56808	-0.0611383
	-0.0632186	-1.16582	-0.140944
	-0.0531656	-0.877973	-0.312861
	0.0506299	-0.869894	-0.031503
	-0.0790645	-0.485281	-0.531086
	-0.169834	-0.0514352	-0.608781
	0.107143	-0.453511	0.129529
	0.100609	-0.0433368	0.3145
	-0.000294764	-1.53218	-0.818974
	-0.0573772	-1.54016	-1.21478
	0.1326	-1.19536	-0.205331
	0.0527856	-1.54034	-0.391416
,
	-0.111661	-1.73596	-0.152992
	0.0385646	-1.74058	-0.0210502
	-0.0886932	-1.55671	-0.0213104
	-0.145216	-1.52315	-0.210194
	0.0666867	-1.5749	0.103303
	-0.101959	-1.16383	0.0525101
	-0.106381	-0.887677	-0.137846
	0.0410368	-0.868645	0.122742
	-0.152681	-0.451497	-0.238364
	-0.26468	-0.0202863	-0.301698
	0.147807	-0.437309	0.193802
	0.0963237	-0.00799456	0.318455
	-0.119478	-1.16011	-0.376149
	-0.0404156	-1.53759	-0.482187
	0.0736977	-1.18946	-0.00347454
	0.071012	-1.56814	-0.132313
,
	-0.111661	-1.73596	-0.152992
	0.0385646	-1.74058	-0.0210502
	-0.0886932	-1.55671	-0.0213104
	-0.145216	-1.52315	-0.210194
	0.0666867	-1.5749	0.103303
	-0.101959	-1.16383	0.0525101
	-0.106381	-0.887677	-0.137846
	0.0410368	-0.868645	0.122742
	-0.152681	-0.451497	-0.238364
	-0.26468	-0.0202863	-0.301698
	0.147807	-0.437309	0.193802
	0.0963237	-0.00799456	0.318455
	-0.119478	-1.16011	-0.376149
	-0.0404156	-1.53759	-0.482187
	0.0736977	-1.18946	-0.00347454
	0.071012	-1.56814	-0.132313
motion
	-0.111661	-1.73596	-0.152992
	0.0385646	-1.74058	-0.0210502
	-0.0886932	-1.55671	-0.0213104
	-0.145216	-1.52315	-0.210194
	0.0666867	-1.5749	0.103303
	-0.101959	-1.16383	0.0525101
	-0.106381	-0.887677	-0.137846
	0.0410368	-0.868645	0.122742
	-0.152681	-0.451497	-0.238364
	-0.26468	-0.0202863	-0.301698
	0.147807	-0.437309	0.193802
	0.0963237	-0.00799456	0.318455
	-0.119478	-1.16011	-0.376149
	-0.0404156	-1.53759	-0.482187
	0.0736977	-1.18946	-0.00347454
	0.071012	-1.56814	-0.132313
,
	-0.115492	-1.61731	-0.141534
	0.0313421	-1.63873	-0.00744782
	-0.0714206	-1.44018	-0.0123796
	-0.110546	-1.38992	-0.20196
	0.0807948	-1.43151	0.117072
	-0.195068	-1.07962	0.108787
	-0.100762	-0.849735	-0.116549
	0.0445684	-0.847859	0.145894
	-0.152023	-0.423416	-0.251175
	-0.272012	0.00688871	-0.305387
	0.248313	-0.448176	0.181129
	0.108759	-0.0465565	0.328528
	-0.0831346	-1.00597	-0.0931819
	-0.0164192	-0.715399	-0.359828
	0.0899011	-1.03467	0.166575
	0.119297	-0.636998	0.135022
,
	-0.16332	-1.72149	-0.132096
	-0.0189698	-1.75259	0.00278954
	-0.0737398	-1.53961	-0.0377931
	-0.152753	-1.55631	-0.220758
	0.0884455	-1.56631	0.0761622
	0.0479677	-1.16853	-0.124161
	-0.045423	-0.85168	-0.182476
	0.0648805	-0.911023	0.0901267
	-0.154034	-0.419969	-0.248272
	-0.272869	0.0101939	-0.306032
	0.207642	-0.494147	0.181413
	0.116682	-0.075339	0.318622
	-0.179966	-1.17622	-0.342393
	-0.0325602	-0.871186	-0.555008
	0.107337	-1.17642	0.163581
	0.282491	-0.849918	0.314322
,
	-0.165427	-1.73671	-0.135886
	-0.0209111	-1.76222	-1.10976e-05
	-0.0809721	-1.55131	-0.0437331
	-0.173023	-1.53639	-0.220657
	0.0731997	-1.57959	0.0804985
	-0.00313062	-1.15905	-0.0510993
	-0.043271	-0.845968	-0.1646
	0.0576454	-0.874882	0.116435
	-0.154486	-0.418089	-0.248571
	-0.273385	0.0120625	-0.306281
	0.231677	-0.465405	0.183825
	0.111641	-0.0554341	0.3253
	-0.41119	-1.22612	-0.136927
	-0.144087	-1.15863	-0.426898
	-0.0250198	-1.22953	0.247304
	0.333463	-1.17766	0.0775818
,
	-0.111661	-1.73596	-0.152992
	0.0385646	-1.74058	-0.0210502
	-0.0886932	-1.55671	-0.0213104
	-0.145216	-1.52315	-0.210194
	0.0666867	-1.5749	0.103303
	-0.101959	-1.16383	0.0525101
	-0.106381	-0.887677	-0.137846
	0.0410368	-0.868645	0.122742
	-0.152681	-0.451497	-0.238364
	-0.26468	-0.0202863	-0.301698
	0.147807	-0.437309	0.193802
	0.0963237	-0.00799456	0.318455
	-0.119478	-1.16011	-0.376149
	-0.0404156	-1.53759	-0.482187
	0.0736977	-1.18946	-0.00347454
	0.071012	-1.56814	-0.132313
end
